5
47
147
155
179
199
300
334
341
349
398
405
415
417
448
478
575
632
640
659
660
676
679
715
805
848
902
1307
1531
2001
2023
2231
2247
2394
2406
2454
2492
2574
2595
2604
2639
2740
2813
3236
3320
3471
3712
3720
3726
3748
3755
3758
3779
3785
4048
4053
4068
4143
4640
4662
4730
4828
4931
5010
5011
6048
6124
6352
6604
6668
6687
6732
6819
6926
6980
7017
7086
7089
7289
10055
10063
10071
10072
10237
10268
10809
10820
10836
10907
10939
10946
11124
11559
11598
11600
11602
11620
11652
11749
11906
11916
11933
11940
11948
11955
11958
12006
12008
12153
12170
12257
12342
12364
12884
12886
13090
13096
13194
13272
13293
13337
13379
13381
13395
13422
13438
13461
13466
13487
13552
13633
13678
13683
13700
13744
13747
13757
13868
13869
13870
13875
13876
13878
13879
13880
13881
13882
13889
13890
13896
14329
14334
14348
14357
14382
14413
14679
14696
14703
14714
14715
14757
14782
14814
14835
14842
14865
14866
14921
15082
15085
15103
15108
15116
15117
15118
15124
15127
15161
15186
15191
15193
15194
15618
15620
15623
15628
15632
15649
15672
15674
15773
15873
15879
16148
16164
16282
16534
16619
16623
17232
17361
17365
17947
18234
18273
18292
18298
18311
18325
18417
18442
18503
18530
18538
18565
18630
18632
18633
18651
18654
18670
18709
18801
18802
18833
18844
18866
19286
19292
19353
19379
19616
19718
19860
19875
19882
20061
20136
20207
20395
20399
20597
20711
20741
20757
20826
21251
21271
21314
21389
21537
21570
21665
21685
21729
22206
22231
22291
22309
22338
22588
22806
22995
23120
23179
23204
23208
23234
23267
23268
23280
23318
23333
23337
23374
23391
23581
23676
23681
23684
23685
23686
23687
23700
23702
23802
23856
23861
23912
23925
23944
24086
24144
24146
24148
24175
24195
24384
24385
24436
24812
24814
24815
24829
24830
24852
24872
24877
24943
24979
24997
25271
25336
25869
26043
26072
26619
26640
26659
26702
26779
26782
27073
27076
27172
27264
27311
27388
27843
27848
27863
28426
28445
28761
28941
28955
29333
29416
29491
29707
29725
29762
29823
30039
30040
30052
30064
30072
30075
30089
30095
30313
30314
30356
30381
30385
30392
30438
30474
30479
30689
30698
30705
30722
30745
30799
31002
31015
31032
31033
31097
31155
31185
31427
31464
31469
31482
31619
31627
31633
31643
31657
31675
31676
31803
32191
32202
32484
32546
32584
32615
32626
32648
32868
32950
33325
33419
33420
33583
33627
33818
33930
33948
33970
33971
33981
34082
34344
34398
34405
34417
34429
34542
34629
34664
34960
35148
35310
35464
35590
35595
35664
35684
35685
35690
35765
35783
50261
50272
50328
50584
50594
50627
50746
50925
50990
51046
51056
51076
51265
51352
52020
52162
52511
52746
52897
52963
52969
53229
53240
53322
53339
53380
53386
53390
53456
53528
53679
53761
53792
54586
54639
54656
55020
55118
55263
55346
55420
55502
55661
55787
60032
60061
60133
60135
60319
60374
60416
60454
60464
60494
60533
60555
60561
60589
60610
60629
60653
60662
60668
60741
60780
60900
60944
61019
61052
61201
61230
61357
61456
61476
61498
61531
61547
61646
61660
61719
61758
61855
62117
62149
62255
62301
62325
62363
62499
62512
62588
62669
62705
62799
62829
62908
62939
63003
63047
63051
63085
1000257
1000600
1000638
1000650
1000961
1000964
1001462
1001603
1001898
1002174
1002175
1002301
1002436
1002549
1002938
1003090
1003510
1003694
1003800
1003888
1003970
1004021
1004035
1004036
1004037
1004038
1004166
1004167
1004181
1004189
1004200
1004202
1004488
1004523
1004646
1004657
1004742
1004769
1004871
1004872
1004875
1004983
1004991
1005069
1005070
1005075
1005076
1005079
1005089
1005108
1005149
1005228
1005247
1005309
1005357
1005389
1005425
1005512
1005513
1005536
1005622
1005642
1005792
1005907
1006026
1006038
1006085
1006106
1006162
1006501
1006504
1006507
1006558
1006603
1006604
1007366
1007387
1007393
1007394
1007401
